c59356_g1	UGT79B11	23.46	81	56	3	469	547	290	366	0.61	25.4
c58014_g1	UGT73B3	26.09	115	58	4	456	555	135	237	0.047	28.9
c49963_g1	UGT81A4	26.55	113	77	2	335	447	344	450	6e-05	37.7
c71452_g1	UGT80A2	31.58	38	22	2	21	55	431	467	3.2	19.2
c94935_g1	UGT85A4	69.05	42	13	0	4	45	13	54	3e-18	71.2
c137331_g1	UGT73C4	38.46	13	8	0	35	47	197	209	6.7	17.3
c81246_g1	UGT76C5	45.45	11	6	0	23	33	434	444	3.9	16.9
c69582_g1	UGT87A1	28.81	59	39	2	193	249	266	323	0.58	25.0
c47987_g1	UGT83A1	30.00	80	38	4	31	104	81	148	2.2	23.1
c71879_g1	UGT73B5	35.90	39	24	1	516	554	342	379	1.0	25.0
c66276_g1	UGT71B8	21.57	51	40	0	454	504	410	460	1.7	23.9
c73046_g1	UGT89B1	54.05	457	191	6	18	460	13	464	1e-169	484
c92511_g1	UGT76C5	30.00	30	20	1	30	59	270	298	0.94	20.0
c60685_g1	UGT80A2	27.69	65	44	2	97	160	549	611	1.6	22.3
c42409_g1	UGT72B2	42.20	173	99	1	1	173	1	172	6e-43	144
c60756_g1	UGT85A7	34.62	26	16	1	245	269	84	109	0.73	24.6
c72718_g2	UGT89B1	38.59	355	191	10	8	351	14	352	4e-76	240
c65933_g1	UGT75D1	38.65	251	133	8	8	247	13	253	2e-52	173
c64069_g1	UGT75D1	35.42	288	143	12	8	278	13	274	9e-45	153
c73200_g2	UGT89A1P	41.38	29	17	0	6	34	104	132	0.46	26.2
c99601_g1	UGT79B4	46.15	13	7	0	11	23	177	189	1.6	18.9
c133312_g1	UGT89B1	47.37	19	10	0	66	84	255	273	1.1	20.8
c102091_g1	UGT76E12	26.79	56	37	3	16	69	338	391	1.5	20.0
c4803_g1	UGT91C1	41.24	97	55	1	1	97	147	241	2e-22	84.3
c68001_g1	UGT71B6	31.11	479	281	14	10	453	4	468	2e-61	203
c64770_g1	UGT76E10P	24.14	58	42	1	102	159	180	235	2.2	23.5
c73651_g1	UGT80B1	23.75	501	283	16	7	496	155	567	3e-30	117
c93812_g1	UGT80A2	45.45	22	11	1	4	25	498	518	1.7	20.0
c46423_g1	UGT73B4	57.50	40	17	0	3	42	441	480	5e-10	47.4
c70238_g1	UGT72B3	28.36	67	37	3	318	378	241	302	0.70	24.6
c61902_g1	UGT76C2	27.00	100	64	4	92	187	337	431	0.024	29.6
c56980_g1	UGT75C1	50.00	14	7	0	24	37	323	336	4.2	17.7
c23725_g1	UGT89A1P	29.03	62	43	1	3	64	141	201	2.6	22.7
c45001_g1	UGT90A1	49.52	105	47	3	5	103	311	415	3e-28	100
c63506_g1	UGT79B8	44.44	18	10	0	339	356	423	440	2.4	23.1
c63665_g1	UGT87A2	30.95	42	28	1	184	225	272	312	1.9	23.5
c68738_g1	UGT73D1	28.99	69	45	1	2	70	140	204	1.8	23.5
c72746_g1	UGT79B10	34.21	38	24	1	414	450	237	274	1.7	23.5
c101548_g1	UGT73B3	63.64	11	4	0	49	59	375	385	4.8	18.1
c64983_g1	UGT73B1	29.58	71	45	1	249	314	418	488	0.089	27.7
c62776_g1	UGT73C4	35.48	31	20	0	116	146	112	142	1.3	22.3
c71452_g2	UGT71B8	41.53	431	199	13	1	401	1	408	2e-95	291
c72110_g2	UGT73B3	38.22	484	275	11	12	483	8	479	3e-113	341
c136875_g1	UGT76E3	29.41	51	23	3	32	69	17	67	0.35	21.6
c67969_g1	UGT82A1	40.62	32	19	0	31	62	228	259	1.2	24.3
c107506_g1	UGT71B6	37.04	27	14	1	15	41	141	164	2.8	17.7
c151956_g1	UGT76E8P	35.71	42	22	2	20	56	204	245	0.20	22.3
c105792_g1	UGT74E2	37.93	29	18	0	7	35	6	34	0.86	22.3
c60525_g2	UGT91C1	43.54	333	172	5	24	354	9	327	2e-86	266
c66857_g1	UGT71B4P	34.69	49	26	2	248	290	191	239	0.44	25.4
c102227_g1	UGT85A6P	23.33	30	23	0	95	124	433	462	0.57	23.1
c75199_g1	UGT89C1	32.08	53	29	3	4	56	363	408	6.8	17.7
c83229_g1	UGT71C4	40.00	25	15	0	27	51	84	108	1.1	19.6
c91145_g1	UGT84A2	31.25	16	11	0	13	28	118	133	3.9	17.7
c8562_g1	UGT78D4P	32.56	43	27	1	45	87	183	223	2.7	22.7
c58268_g1	UGT91C1	35.29	34	22	0	300	333	80	113	0.93	24.6
c84796_g1	UGT72E1	31.58	19	13	0	29	47	299	317	3.0	18.1
c18484_g1	UGT73B1	31.58	19	13	0	1	19	23	41	1.2	18.1
c83534_g1	UGT76E3	28.57	49	31	1	3	51	386	430	2.3	20.8
c85171_g1	UGT76E4	36.36	22	14	0	24	45	323	344	9.5	17.3
c71339_g1	UGT76E3	34.15	41	20	1	601	641	10	43	7.9	21.9
c56980_g2	UGT72E1	24.51	102	61	4	29	122	43	136	0.30	25.0
c61352_g1	UGT72B3	21.69	83	53	2	196	267	290	371	2.9	22.7
c70302_g1	UGT89A1P	31.11	45	28	1	172	216	235	276	0.025	28.9
c61922_g1	UGT73B1	29.52	437	261	11	17	448	77	471	2e-56	191
c68514_g1	UGT87A2	50.00	454	212	8	3	443	4	455	4e-150	432
c71594_g2	UGT76C3	47.06	17	9	0	210	226	290	306	0.71	24.6
c70583_g1	UGT72C1	23.26	43	30	1	194	236	99	138	0.89	24.3
c59149_g1	UGT87A2	41.50	441	232	9	14	436	13	445	3e-115	343
c66559_g1	UGT81A1	25.40	126	74	3	290	408	413	525	3e-04	35.0
c69005_g1	UGT73B5	40.98	488	252	10	12	478	9	481	1e-124	370
c11938_g1	UGT71C3	33.33	30	14	1	14	37	288	317	4.5	18.9
c72070_g1	UGT72E3	29.82	57	36	1	308	364	427	479	0.24	26.2
c109787_g1	UGT71C5	27.66	47	33	1	14	59	181	227	0.19	21.9
c133624_g1	UGT71C4	35.29	34	20	2	15	48	32	63	2.7	18.5
c46603_g1	UGT71C1	50.00	14	7	0	20	33	239	252	0.67	20.8
c114983_g1	UGT80B1	50.00	90	41	1	2	91	217	302	2e-26	95.9
c42342_g2	UGT85A2	26.53	49	35	1	301	349	73	120	0.21	26.9
c22516_g1	UGT80B1	29.03	62	41	2	20	80	43	102	0.030	26.9
c46423_g2	UGT73B1	64.75	122	43	0	1	122	298	419	3e-53	171
c63596_g1	UGT85A1	61.08	203	77	1	1	201	247	449	6e-92	275
c45808_g1	UGT72B3	43.79	153	84	2	3	153	2	154	7e-36	124
c82686_g1	UGT90A2	38.89	18	11	0	42	59	33	50	3.7	18.9
c44201_g1	UGT85A7	30.43	23	16	0	64	86	38	60	4.9	19.2
c116980_g1	UGT79B3	60.00	10	4	0	7	16	20	29	2.4	18.9
c61451_g2	UGT73B1	32.65	49	29	2	131	176	290	337	1.1	23.1
c61451_g1	UGT73B1	32.65	49	29	2	131	176	290	337	0.71	23.9
c69142_g1	UGT81A4	27.50	40	26	1	653	692	315	351	3.4	24.3
c67484_g2	UGT72B1	56.54	428	180	4	6	428	4	430	2e-177	503
c71646_g1	UGT91C1	49.33	448	220	6	7	452	9	451	6e-148	428
c57293_g1	UGT75D1	33.33	39	19	1	42	73	397	435	1.4	20.8
c57372_g1	UGT75D1	33.33	39	19	1	42	73	397	435	1.4	20.8
c71444_g4	UGT73C3	33.70	276	159	10	1	268	30	289	3e-37	132
c50952_g1	UGT75B2	24.36	78	57	1	92	169	227	302	0.055	26.6
c75153_g1	UGT76B1	47.06	17	9	0	3	19	162	178	0.94	18.9
c72124_g1	UGT73B3	37.81	484	248	15	2	440	4	479	5e-99	302
c58170_g1	UGT85A2	56.84	285	118	2	1	283	161	442	1e-119	349
c60018_g1	UGT73B3	39.74	385	204	7	1	357	1	385	1e-101	305
c63009_g1	UGT73B3	31.07	280	167	6	9	264	9	286	1e-46	158
c69175_g1	UGT88A1	35.97	253	144	6	2	246	4	246	8e-41	142
c280_g1	UGT78D4P	28.40	81	44	4	1	81	256	322	0.65	22.3
c28889_g1	UGT74D1	42.31	26	15	0	134	159	80	105	0.43	24.3
c96974_g1	UGT72B3	38.10	21	13	0	29	49	191	211	3.2	19.6
c73810_g1	UGT82A1	44.05	84	44	1	1	84	373	453	1e-21	82.0
c68055_g2	UGT73B3	33.33	138	87	2	2	135	108	244	6e-26	95.9
c60018_g2	UGT73C4	40.91	110	58	3	1	105	381	488	9e-21	80.5
c73626_g2	UGT90A1	29.55	44	27	1	446	485	178	221	2.2	23.1
c69762_g2	UGT91C1	44.38	356	182	8	9	357	9	355	5e-90	275
c65041_g1	UGT71B1	27.27	110	69	5	172	281	190	288	3.4	22.7
c63717_g2	UGT73B3	39.83	231	116	7	11	224	9	233	1e-41	142
c132057_g1	UGT71B2	30.77	26	18	0	44	69	316	341	0.62	20.8
c72461_g1	UGT73B3	40.78	103	57	2	1	100	379	480	3e-18	73.2
c25772_g1	UGT78D1	47.62	21	10	1	140	159	11	31	4.2	21.2
c61501_g1	UGT71C5	41.38	29	13	1	105	133	9	33	0.48	24.3
c89802_g1	UGT72B3	30.43	46	32	0	6	51	49	94	0.040	24.3
c70874_g1	UGT84B3P	22.99	87	57	3	13	95	201	281	0.13	27.3
c35942_g1	UGT84A1	44.44	27	12	1	24	50	456	479	0.65	21.6
c43733_g1	UGT76E8P	26.92	52	30	1	205	256	344	387	1.7	22.7
c61222_g1	UGT83A1	40.00	20	12	0	192	211	330	349	2.2	21.9
c56938_g1	UGT74E1	36.76	68	33	1	128	185	237	304	7e-09	47.0
c68939_g1	UGT86A2	62.09	459	164	6	13	468	22	473	0.0	582
c134470_g1	UGT85A3	38.89	36	14	2	52	79	321	356	2.8	19.6
c99559_g1	UGT76C5	40.00	20	12	0	19	38	97	116	0.29	21.6
c139166_g1	UGT71B1	53.85	13	6	0	13	25	4	16	6.9	18.1
c60482_g1	UGT71D1	29.03	62	42	1	7	68	182	241	1.8	21.6
c108754_g1	UGT85A3	51.22	41	19	1	3	42	447	487	3e-08	42.0
c52891_g1	UGT71B7	47.83	23	12	0	91	113	397	419	0.15	26.6
c68556_g1	UGT75D1	40.85	399	186	11	1	372	1	376	3e-97	295
c69150_g1	UGT71B3P	33.90	59	29	2	215	265	170	226	0.100	26.6
c25599_g1	UGT73C1	48.68	76	34	1	13	83	10	85	2e-22	83.6
c36877_g1	UGT71B2	23.44	64	37	2	124	181	150	207	3.7	21.2
c73038_g3	UGT71B8	30.95	42	27	1	43	82	172	213	0.082	26.9
c72667_g2	UGT74C1	30.23	43	27	1	208	247	93	135	3.2	22.3
c93025_g1	UGT72B2	40.00	25	15	0	8	32	431	455	0.99	20.4
c70178_g1	UGT71B5	38.46	312	167	11	6	302	4	305	2e-55	183
c73050_g6	UGT85A2	41.58	291	159	4	5	291	192	475	8e-76	236
c68331_g1	UGT73C2	23.68	321	215	8	9	308	16	327	6e-25	98.2
c303_g1	UGT71B7	37.50	24	15	0	17	40	396	419	0.15	23.1
c72396_g1	UGT74F2	50.78	451	201	9	13	454	7	445	6e-158	453
c130845_g1	UGT84A3	25.00	32	24	0	23	54	207	238	0.83	21.9
c69011_g6	UGT86A1	28.07	57	38	1	615	671	179	232	0.22	26.9
c106370_g1	UGT80B1	29.63	27	19	0	56	82	245	271	7.0	18.5
c152014_g1	UGT71B3P	31.11	45	29	1	3	45	236	280	0.76	20.4
c68928_g1	UGT85A1	30.43	23	16	0	187	209	169	191	4.2	21.6
c24488_g1	UGT71C3	32.26	31	20	1	9	38	16	46	0.38	21.2
c87944_g1	UGT71B1	38.89	18	11	0	45	62	378	395	8.4	18.1
c90689_g1	UGT90A1	33.33	27	16	1	43	69	222	246	0.64	21.6
c50201_g1	UGT84A3	31.65	79	36	4	57	129	162	228	0.13	24.6
c56771_g2	UGT73B1	31.48	54	33	2	1	52	315	366	0.36	23.5
c115851_g1	UGT85A2	26.76	71	36	2	44	107	255	316	0.87	22.7
c109609_g1	UGT87A1	43.75	16	8	1	7	22	420	434	1.8	17.7
c17166_g1	UGT91B1	34.48	29	15	1	38	66	1	25	0.39	21.9
c55343_g1	UGT85A2	49.72	181	86	1	1	176	142	322	1e-64	202
c70363_g1	UGT85A4	25.64	78	57	1	566	642	251	328	0.11	28.1
c109823_g1	UGT76F2	30.77	26	17	1	1	25	324	349	0.78	20.0
c145126_g1	UGT74C1	42.31	26	13	1	126	149	336	361	0.26	23.9
c70169_g1	UGT73B5	19.57	46	37	0	209	254	407	452	0.41	24.6
c71603_g1	UGT73C3	43.64	346	173	6	1	327	153	495	3e-94	286
c99437_g1	UGT92A1	27.59	29	19	1	4	32	106	132	0.33	21.6
c103707_g1	UGT85A2	55.56	117	51	1	1	117	126	241	6e-45	147
c67422_g2	UGT73B2	33.33	21	14	0	3	23	253	273	0.61	19.2
c68694_g1	UGT89B1	27.60	366	221	11	8	346	1	349	2e-25	99.4
c73550_g1	UGT92A1	42.11	494	252	10	3	481	4	478	6e-121	360
c33090_g2	UGT71B2	30.00	70	41	4	59	126	313	376	0.27	24.3
c94231_g1	UGT76C4	33.33	60	36	1	140	199	25	80	0.22	26.2
c69089_g2	UGT81A4	24.66	73	43	3	446	512	366	432	0.56	25.4
c69762_g1	UGT91A1	48.24	85	44	0	6	90	382	466	2e-19	76.3
c120283_g1	UGT73B1	33.33	18	12	0	15	32	376	393	0.97	18.5
c49907_g1	UGT73B4	59.09	44	18	0	38	81	441	484	4e-10	48.9
c70554_g1	UGT72E3	60.00	10	4	0	67	76	174	183	8.8	20.0
c70306_g1	UGT84A1	46.53	475	233	8	6	461	10	482	9e-146	423
c66682_g1	UGT87A1	31.71	41	24	1	81	117	205	245	0.86	23.5
c104452_g1	UGT79B5	27.42	62	32	2	10	71	223	271	0.070	23.5
c71022_g1	UGT88A1	54.97	191	78	2	1	191	280	462	1e-66	208
c72426_g1	UGT73B4	50.41	244	108	4	1	235	241	480	3e-75	233
c58787_g1	UGT73C2	33.33	54	33	1	2	52	341	394	1.1	23.9
c67797_g1	UGT76D1	28.36	67	45	1	391	457	77	140	0.064	28.1
c71364_g2	UGT85A3	61.08	483	183	3	1	479	1	482	0.0	619
c71364_g1	UGT85A2	61.84	477	177	4	8	483	7	479	0.0	637
c108850_g1	UGT90A2	32.00	25	13	1	6	30	236	256	1.6	18.9
c70702_g1	UGT73B1	44.35	487	242	12	1	466	1	479	4e-132	389
c66977_g1	UGT80A2	71.33	579	153	5	6	576	62	635	0.0	845
c136649_g1	UGT84B1	47.06	17	9	0	4	20	110	126	0.49	19.6
c144432_g1	UGT79B4	31.82	22	15	0	36	57	44	65	3.1	18.9
c69193_g2	UGT73B3	41.67	36	19	1	172	207	188	221	1.7	22.7
c16927_g1	UGT72D1	27.27	33	24	0	31	63	376	408	0.21	23.5
c81219_g1	UGT85A4	43.48	23	13	0	16	38	336	358	1.5	20.0
c103194_g1	UGT78D1	39.13	23	14	0	38	60	117	139	0.54	21.2
c95194_g1	UGT71C4	37.04	27	17	0	21	47	133	159	0.27	22.3
c133165_g1	UGT71C4	33.33	27	18	0	21	47	133	159	1.7	19.6
c7530_g2	UGT76C3	32.14	28	19	0	75	102	418	445	0.22	23.5
c106209_g1	UGT71B7	45.71	35	15	3	11	43	231	263	1.6	18.9
c116264_g1	UGT72C1	28.57	49	30	2	31	76	17	63	1.8	20.0
c48889_g1	UGT72D2P	23.73	59	41	2	32	88	179	235	1.5	21.2
c115509_g1	UGT89A1P	50.00	12	6	0	6	17	117	128	4.0	16.9
c50686_g1	UGT82A1	50.00	8	4	0	1	8	423	430	7.7	16.2
c6289_g2	UGT79B4	40.00	20	12	0	10	29	62	81	1.4	20.0
c49516_g1	UGT81A3	32.50	40	21	2	41	77	322	358	0.012	27.7
c47287_g1	UGT72B1	34.38	32	16	1	68	99	125	151	1.3	21.2
c64800_g1	UGT71B2	29.41	51	24	1	385	435	401	439	1.2	24.3
c72715_g2	UGT74E1	54.17	24	11	0	140	163	394	417	0.79	25.4
c96069_g1	UGT79B5	26.92	26	19	0	26	51	210	235	0.80	20.0
c132290_g1	UGT84A3	31.03	29	14	1	14	36	140	168	4.5	18.1
c20448_g1	UGT76E7	28.99	69	40	2	119	183	70	133	0.20	26.6
c109631_g1	UGT91B1	29.03	31	22	0	33	63	429	459	0.26	23.1
c66003_g1	UGT76E2	30.30	66	35	4	94	156	355	412	2.1	21.6
c70054_g3	UGT85A1	50.00	16	8	0	8	23	170	185	1.5	21.6
c93977_g1	UGT85A1	27.59	29	21	0	13	41	176	204	0.74	19.6
c112114_g1	UGT76C3	58.33	12	5	0	20	31	404	415	1.6	17.7
c65814_g1	UGT85A5	33.33	33	19	1	44	76	185	214	0.34	21.9
c102433_g1	UGT81A1	44.83	29	12	1	49	73	431	459	0.57	23.5
c141792_g1	UGT73C7	51.79	56	24	2	1	53	384	439	3e-12	53.9
c59129_g1	UGT80B1	46.78	171	85	2	152	322	149	313	1e-50	172
c71622_g1	UGT85A3	29.76	84	45	3	270	339	357	440	0.15	27.7
c124994_g1	UGT76E4	37.93	29	16	1	14	42	63	89	0.34	20.8
c73749_g1	UGT79B9	35.90	39	22	2	198	234	174	211	0.052	27.7
c40345_g1	UGT85A7	39.13	23	14	0	100	122	252	274	2.6	21.2
c92267_g1	UGT72B1	66.67	33	11	0	1	33	439	471	5e-10	46.6
c85544_g1	UGT78D1	46.67	15	8	0	20	34	372	386	1.3	20.0
c69812_g1	UGT85A2	56.85	292	123	2	1	289	189	480	2e-118	346
c150874_g1	UGT74D1	50.00	16	7	1	30	44	254	269	5.4	17.3
c153538_g1	UGT73B1	31.15	61	41	1	9	68	70	130	2.4	19.2
c150132_g1	UGT72B1	33.33	36	19	1	39	69	72	107	4.2	19.6
c25742_g1	UGT71C1	26.04	96	59	4	4	98	373	457	0.25	25.8
c74120_g1	UGT79B5	27.45	51	33	2	62	111	364	411	1.8	20.8
c104803_g1	UGT74E1	50.00	18	9	0	41	58	3	20	0.76	20.0
c66817_g4	UGT73C4	46.67	30	16	0	30	59	442	471	0.092	23.5
c155664_g1	UGT76C4	21.74	23	18	0	59	81	257	279	5.8	18.9
c132149_g1	UGT71B7	28.21	39	28	0	11	49	163	201	1.7	20.8
c44766_g1	UGT73B5	40.74	27	14	1	95	119	56	82	0.93	23.1
c73715_g1	UGT85A1	50.21	476	233	4	66	538	9	483	0.0	524
c69193_g1	UGT90A4	61.54	13	5	0	22	34	22	34	0.41	20.0
c66880_g1	UGT84A1	26.32	38	27	1	49	86	38	74	0.77	24.3
c68492_g1	UGT79B1	34.04	47	26	1	66	107	68	114	0.018	28.5
c70691_g2	UGT89A1P	36.73	49	24	2	4	52	141	182	0.51	23.5
c51699_g1	UGT84A3	58.33	12	5	0	2	13	398	409	3.6	18.1
c70226_g1	UGT71B5	34.48	29	19	0	205	233	436	464	0.14	26.2
c111885_g1	UGT79B3	28.81	59	33	3	72	123	397	453	0.16	24.3
c120622_g1	UGT89B1	34.29	35	21	2	41	74	225	258	1.2	20.4
c27607_g1	UGT74F2	38.46	26	16	0	57	82	2	27	0.64	23.9
c115515_g1	UGT84B1	28.30	53	37	1	25	76	394	446	1.6	21.9
c22059_g1	UGT72E3	29.79	47	29	1	1	43	373	419	0.11	23.5
c78554_g1	UGT74E2	34.48	58	31	3	92	146	147	200	0.15	25.4
c50841_g1	UGT85A7	50.00	82	39	1	1	80	397	478	2e-26	95.1
c130880_g1	UGT75D1	46.15	13	7	0	21	33	262	274	2.4	18.1
c131422_g1	UGT75D1	46.15	13	7	0	21	33	262	274	2.4	18.1
c139679_g1	UGT71B3P	31.58	19	13	0	5	23	221	239	0.68	18.5
c61522_g1	UGT80B1	68.14	565	171	6	56	614	51	612	0.0	801
c104468_g1	UGT80B1	47.79	113	58	1	1	113	463	574	2e-32	113
c98086_g1	UGT76C5	33.33	21	13	1	10	30	218	237	2.7	18.5
c83845_g1	UGT83A1	27.03	37	27	0	44	80	140	176	4.2	18.9
c6911_g1	UGT81A1	27.78	54	36	2	56	108	171	222	0.80	22.3
c59784_g1	UGT81A1	31.37	51	32	2	59	108	171	219	1.8	23.1
c68560_g1	UGT81A1	25.00	68	42	1	272	339	220	278	0.41	26.2
c98487_g1	UGT80A2	59.15	71	29	0	1	71	499	569	1e-25	93.2
c132350_g1	UGT76C2	22.22	54	30	2	64	109	21	70	1.3	21.2
c52490_g1	UGT89C1	42.11	19	11	0	34	52	336	354	0.59	20.4
c69328_g1	UGT90A2	38.89	54	25	3	32	83	412	459	0.085	25.8
c56768_g1	UGT72B3	31.88	69	40	4	107	172	398	462	0.019	28.1
c59145_g1	UGT88A1	41.67	24	14	0	454	477	365	388	0.65	25.0
c148977_g1	UGT84B2	60.00	10	4	0	34	43	104	113	0.74	19.6
c65599_g1	UGT73C7	50.00	276	123	7	19	285	215	484	3e-83	256
c1375_g1	UGT85A7	41.67	24	14	0	27	50	73	96	2.4	20.0
c72086_g1	UGT86A2	30.77	52	32	1	283	330	145	196	0.057	28.1
c106579_g1	UGT85A7	62.50	8	3	0	2	9	278	285	3.4	16.5
c143809_g1	UGT74E1	39.29	28	16	1	30	56	400	427	2.0	21.6
c63630_g1	UGT78D4P	30.19	53	35	1	153	203	211	263	0.26	26.6
c69978_g2	UGT75D1	41.32	317	152	7	44	338	105	409	4e-77	245
c152433_g1	UGT84A1	26.67	60	41	2	1	58	383	441	0.40	21.2
c74692_g1	UGT73C1	70.00	10	3	0	45	54	45	54	1.0	20.0
c121256_g1	UGT71C4	23.61	72	48	1	21	85	405	476	1.4	20.4
c103299_g1	UGT71D2	26.42	53	36	1	45	94	67	119	0.77	21.9
c135213_g1	UGT84B1	30.30	33	17	1	26	58	363	389	2.0	20.0
c135346_g1	UGT84B1	29.03	31	22	0	28	58	359	389	5.0	20.4
c100283_g1	UGT76E5	32.26	31	20	1	21	51	103	132	0.76	20.8
c97338_g1	UGT78D1	55.56	9	4	0	31	39	142	150	2.9	17.7
c67422_g1	UGT83A1	42.89	471	242	9	56	517	11	463	7e-128	379
c76234_g1	UGT91A1	23.91	46	34	1	240	284	336	381	3.0	22.7
c70716_g1	UGT81A1	31.67	60	29	3	619	672	415	468	0.091	28.5
c149018_g1	UGT86A2	72.73	11	3	0	35	45	190	200	0.55	21.2
c132461_g1	UGT90A3P	38.89	18	11	0	74	91	232	249	4.6	19.2
c46118_g1	UGT74B1	31.91	47	28	2	130	172	375	421	1.1	22.7
c53939_g1	UGT71C5	40.00	15	9	0	1	15	133	147	2.5	21.9
c138845_g1	UGT73B1	50.00	14	7	0	18	31	129	142	1.3	18.9
c149753_g1	UGT72B3	28.12	64	37	4	29	90	130	186	0.23	23.1
c69738_g1	UGT85A4	33.33	45	22	2	64	103	321	362	0.56	24.6
c127930_g1	UGT71D1	42.11	19	11	0	2	20	392	410	0.80	18.5
c77076_g1	UGT71C3	31.58	57	38	1	119	174	380	436	0.10	26.9
c104147_g1	UGT91C1	37.50	32	15	1	47	73	125	156	0.93	21.9
c2144_g1	UGT76D1	33.33	27	18	0	38	64	386	412	0.72	20.4
c73121_g1	UGT79B10	32.00	50	32	2	557	604	266	315	0.28	26.9
c144062_g1	UGT76E12	32.35	68	39	3	356	416	374	441	1.5	23.5
c88656_g1	UGT90A2	37.93	29	17	1	23	51	342	369	0.93	20.0
c54850_g1	UGT76C1	40.74	27	15	1	65	91	137	162	2.0	21.9
c53787_g1	UGT78D3	20.00	110	72	3	2	96	44	152	1.2	22.7
c109781_g1	UGT90A1	38.10	21	13	0	37	57	26	46	5.2	18.5
c122621_g1	UGT73C4	42.86	14	8	0	25	38	116	129	0.61	19.2
c59269_g1	UGT76D1	38.89	18	11	0	25	42	224	241	0.71	21.6
c147649_g1	UGT73C5	34.78	46	16	4	1	39	118	156	0.22	20.8
c117991_g1	UGT75B1	37.50	24	15	0	60	83	84	107	0.85	21.2
c143691_g1	UGT92A1	31.58	19	13	0	62	80	459	477	0.95	21.6
c70967_g2	UGT75D1	39.13	23	14	0	1	23	410	432	1.1	23.9
c36543_g2	UGT78D1	35.29	17	11	0	23	39	122	138	0.85	20.0
c67393_g1	UGT72C1	28.71	101	60	4	232	321	329	428	0.008	30.8
c125016_g1	UGT84B3P	50.00	14	7	0	2	15	185	198	1.9	17.7
c33299_g1	UGT92A1	35.29	17	11	0	13	29	282	298	2.7	18.5
c123443_g1	UGT83A1	34.00	50	33	0	1	50	192	241	2e-08	42.4
c141576_g1	UGT83A1	38.00	50	31	0	1	50	192	241	1e-09	46.2
c38152_g1	UGT90A2	40.91	22	11	1	92	113	263	282	0.96	21.6
c104713_g1	UGT71B6	75.00	8	2	0	75	82	259	266	2.3	20.4
c77792_g1	UGT84A4	39.39	33	19	1	160	191	212	244	0.94	24.6
c124368_g1	UGT91C1	39.13	23	14	0	20	42	70	92	0.24	20.8
c145784_g1	UGT85A5	28.12	32	23	0	11	42	236	267	0.29	21.9
c64553_g1	UGT74D1	31.64	256	135	8	37	265	111	353	4e-32	116
c139538_g1	UGT91B1	32.43	37	23	2	3	38	19	54	2.2	18.9
c40909_g1	UGT81A3	37.04	27	17	0	49	75	409	435	1.6	21.6
c36543_g1	UGT71C4	37.04	27	17	0	26	52	133	159	0.13	22.7
c131947_g1	UGT73D1	43.75	16	9	0	51	66	279	294	3.5	18.9
c42652_g1	UGT76E11	30.30	33	23	0	5	37	257	289	0.41	21.2
c47116_g1	UGT90A2	33.33	39	26	0	46	84	246	284	0.075	28.5
c152345_g1	UGT81A3	29.85	67	39	3	21	85	403	463	0.17	23.1
c19991_g1	UGT84A1	50.00	14	7	0	3	16	318	331	1.1	19.6
c68055_g1	UGT72B1	41.67	24	14	0	5	28	305	328	1.2	19.2
c31634_g1	UGT74B1	31.58	38	24	1	9	44	375	412	2.8	18.1
c71225_g1	UGT86A2	30.61	49	31	1	420	468	249	294	0.65	25.8
c66156_g1	UGT81A1	76.97	456	93	3	49	493	77	531	0.0	717
c21612_g1	UGT91A1	29.27	41	22	1	1	41	57	90	0.89	19.2
c40309_g1	UGT71B4P	53.33	15	7	0	8	22	284	298	3.2	16.5
c68392_g1	UGT88A1	48.51	470	218	8	9	466	3	460	8e-139	405
c67729_g1	UGT84B2	22.97	74	50	3	88	160	378	445	0.053	27.3
c1570_g1	UGT79B2	34.15	41	19	1	98	130	370	410	0.80	22.3
c70824_g1	UGT71B2	30.00	50	35	0	21	70	335	384	0.43	21.6
c105325_g1	UGT71C5	26.92	52	30	2	18	62	236	286	0.38	21.2
c80269_g1	UGT72C1	46.67	15	8	0	36	50	210	224	0.52	20.8
c139468_g1	UGT84A1	50.00	10	5	0	3	12	382	391	1.4	17.7
c56196_g1	UGT74F2	31.82	22	15	0	54	75	124	145	1.3	21.9
c38265_g1	UGT80A2	40.00	35	19	1	117	149	29	63	7.5	19.6
c65372_g2	UGT81A3	26.92	130	73	6	137	259	341	455	0.049	27.7
c98919_g1	UGT80B1	50.00	12	6	0	12	23	118	129	6.8	17.7
c64198_g1	UGT91A1	32.93	82	46	5	66	146	281	354	0.20	25.4
c105199_g1	UGT73B5	24.53	53	34	2	7	59	94	140	0.45	21.6
c143706_g1	UGT72D1	34.09	44	23	2	2	43	331	370	0.69	25.4
c65728_g1	UGT82A1	46.84	380	167	7	3	359	5	372	5e-109	324
c54907_g1	UGT86A1	28.07	57	38	1	214	270	179	232	0.16	26.2
c73306_g1	UGT71C2	28.57	35	22	2	67	101	319	350	0.84	22.7
c67951_g2	UGT79B11	27.91	43	29	1	57	99	152	192	2.3	22.7
c64366_g1	UGT85A3	20.59	68	47	1	227	294	405	465	7.1	21.2
c2323_g1	UGT73C6	22.22	18	14	0	10	27	153	170	2.9	17.3
c76421_g1	UGT76D1	40.00	20	11	1	24	43	208	226	1.6	19.6
c73007_g1	UGT80B1	42.86	28	13	1	88	112	157	184	1.1	23.5
c51166_g1	UGT74F1	26.47	68	45	2	61	128	157	219	2.2	21.2
c53757_g1	UGT71C1	39.13	23	14	0	2	24	263	285	0.92	19.2
c85513_g1	UGT76E3	43.75	16	9	0	46	61	63	78	3.6	18.5
c60638_g1	UGT89B1	30.00	50	18	2	37	69	72	121	0.16	23.5
c123075_g1	UGT85A7	28.26	46	29	1	32	73	398	443	0.063	24.6
c68965_g1	UGT74E1	45.71	35	18	1	478	512	284	317	1.7	23.9
c64939_g1	UGT80A2	27.27	44	29	2	97	138	344	386	1.8	23.5
c88953_g1	UGT79B6	43.33	30	14	1	13	39	139	168	0.64	20.4
c108441_g1	UGT84B3P	40.91	22	13	0	11	32	410	431	1.1	18.5
c89527_g1	UGT72E3	42.11	19	11	0	19	37	170	188	1.7	20.0
c72212_g3	UGT76E9	36.67	30	19	0	211	240	418	447	1.2	23.9
c49550_g1	UGT90A4	38.46	52	25	3	48	98	50	95	1.8	20.8
c41496_g1	UGT73C5	34.57	188	95	7	22	193	119	294	4e-28	103
c53706_g1	UGT73B5	36.39	338	175	9	2	311	156	481	3e-67	215
c89689_g1	UGT84B2	27.91	43	30	1	27	69	149	190	3.5	19.6
c153787_g1	UGT80A2	37.50	16	10	0	14	29	329	344	2.7	17.7
c46230_g1	UGT71B8	58.33	12	5	0	14	25	261	272	4.4	20.4
c67679_g1	UGT91C1	46.15	156	79	1	2	157	302	452	2e-46	153
c146748_g1	UGT79B10	33.33	27	18	0	22	48	239	265	3.5	19.6
c137501_g1	UGT85A3	32.00	50	24	2	38	87	133	172	2.4	20.0
c89262_g1	UGT73C1	26.83	41	30	0	86	126	201	241	0.79	23.1
c134719_g1	UGT84B1	31.71	41	16	1	2	30	150	190	6.3	17.3
c72212_g2	UGT88A1	47.79	475	213	10	11	470	6	460	7e-131	385
c37474_g2	UGT71B8	28.33	60	38	1	123	177	392	451	0.59	24.3
c115227_g1	UGT91C1	37.93	29	18	0	24	52	43	71	0.12	23.1
c64553_g2	UGT74D1	39.29	112	64	2	1	110	347	456	4e-24	89.7
c60958_g1	UGT80A2	44.95	198	107	1	3	200	416	611	6e-55	189
c79483_g1	UGT90A2	55.56	9	4	0	2	10	351	359	0.62	19.6
c129819_g1	UGT80A2	28.00	25	18	0	12	36	333	357	0.87	20.4
c89748_g1	UGT76E8P	29.73	37	24	1	55	91	50	84	4.6	20.0
c125870_g1	UGT72B1	55.77	156	68	1	2	157	296	450	5e-62	195
c71759_g1	UGT71C5	42.31	26	14	1	29	53	254	279	1.5	23.1
c67947_g1	UGT72E3	41.18	34	15	2	270	303	246	274	0.34	25.4
c126938_g1	UGT72E2	63.64	11	4	0	22	32	270	280	1.5	19.6
c140994_g1	UGT73D1	50.00	14	7	0	3	16	15	28	3.9	18.1
c145564_g1	UGT81A1	32.61	46	25	1	20	59	436	481	0.002	27.3
c119435_g1	UGT81A4	20.55	73	51	3	11	76	59	131	0.42	23.5
c10370_g1	UGT92A1	32.00	25	17	0	7	31	252	276	0.42	20.0
c72461_g2	UGT72C1	36.36	22	9	1	60	81	301	317	8.7	18.9
c154733_g1	UGT76C3	46.15	13	7	0	9	21	352	364	1.3	18.5
c130532_g1	UGT74D1	25.40	63	46	1	144	206	75	136	6.9	21.2
c28316_g1	UGT73B3	50.00	16	8	0	17	32	288	303	2.3	20.0
c23422_g1	UGT90A2	31.91	47	26	3	187	228	141	186	1.6	22.3
c71838_g3	UGT90A4	24.07	54	40	1	136	188	92	145	1.4	23.1
c65141_g1	UGT90A2	26.87	67	45	1	29	91	218	284	0.18	26.9
c85508_g1	UGT90A3P	31.25	32	18	1	33	60	242	273	7.4	17.7
c66817_g2	UGT71C2	30.16	63	39	3	5	64	200	260	0.36	23.1
c23936_g1	UGT79B10	41.18	17	10	0	25	41	152	168	1.9	19.6
c55618_g1	UGT75B2	25.00	32	24	0	1	32	274	305	0.78	22.3
c51518_g1	UGT72B2	47.37	19	10	0	3	21	316	334	0.11	22.7
c105737_g1	UGT71B7	30.36	56	24	2	39	79	257	312	0.010	28.1
c59040_g1	UGT79B2	25.00	188	98	9	200	369	286	448	0.30	25.8
c9835_g1	UGT79B1	32.97	185	111	5	1	175	91	272	4e-32	114
c151091_g1	UGT89C1	31.82	22	15	0	3	24	414	435	0.27	20.8
c141883_g1	UGT76E12	32.43	37	23	1	17	53	269	303	0.24	21.9
c122697_g1	UGT85A1	23.08	52	29	1	12	52	243	294	0.32	21.6
c140903_g1	UGT73B1	33.33	30	19	1	20	49	425	453	1.2	19.6
c104624_g1	UGT87A1	28.57	21	15	0	9	29	433	453	2.3	17.3
c73130_g1	UGT79B10	30.43	23	16	0	74	96	192	214	3.1	20.0
c69391_g1	UGT72C1	35.42	48	29	1	207	252	381	428	0.091	27.3
c78017_g1	UGT85A1	45.00	20	11	0	79	98	152	171	1.1	21.2
c73534_g1	UGT73C3	46.14	492	258	5	13	498	6	496	6e-156	451
c89172_g1	UGT76E11	83.33	6	1	0	33	38	103	108	7.6	16.5
c92729_g1	UGT71C5	41.67	12	7	0	16	27	67	78	9.1	16.2
c56092_g1	UGT72E1	39.29	28	15	1	218	243	135	162	2.5	22.3
c45132_g1	UGT91B1	28.95	38	27	0	72	109	400	437	3.4	20.8
c111592_g1	UGT74D1	32.43	37	19	2	23	57	51	83	3.7	18.9
c48511_g1	UGT78D1	52.17	46	21	1	3	47	95	140	4e-09	45.1
c5660_g1	UGT76E9	32.14	28	18	1	68	95	328	354	3.2	20.0
c109104_g1	UGT71C3	45.83	24	11	1	9	30	183	206	0.30	20.0
c86033_g1	UGT78D3	37.04	27	17	0	34	60	84	110	0.15	22.3
c3521_g1	UGT74E2	26.83	41	30	0	11	51	371	411	1.4	20.0
c17519_g1	UGT71B8	29.63	108	46	7	26	115	176	271	3.1	21.2
c77968_g1	UGT73B4	22.39	67	52	0	3	69	94	160	1.4	20.4
c82168_g1	UGT85A1	37.93	29	16	1	4	30	2	30	1.2	20.4
c66266_g1	UGT73B4	42.47	485	252	10	6	470	3	480	9e-137	401
c65495_g2	UGT76C2	44.95	198	105	2	1	198	256	449	3e-54	176
c109825_g1	UGT73C3	31.82	22	15	0	10	31	310	331	6.3	18.1
c122394_g1	UGT71C5	30.00	30	16	1	9	33	46	75	0.51	21.6
c115514_g1	UGT79B11	36.36	33	17	1	94	126	424	452	0.55	23.1
c97558_g1	UGT72B3	35.00	20	13	0	3	22	249	268	4.4	17.7
c6603_g1	UGT76E12	41.18	34	19	1	95	127	151	184	1.1	22.7
c71603_g2	UGT73C5	38.10	21	13	0	5	25	32	52	0.79	20.4
c75091_g1	UGT91A1	37.50	24	15	0	14	37	252	275	0.23	21.9
c71791_g1	UGT79B8	27.50	40	27	1	11	48	320	359	0.55	25.0
c70118_g1	UGT80A2	81.00	200	38	0	1	200	256	455	1e-121	357
c108387_g1	UGT80B1	48.10	79	37	1	1	79	219	293	1e-19	76.3
c38283_g1	UGT74B1	25.00	120	62	6	40	137	102	215	2.4	21.2
c46769_g1	UGT83A1	40.91	22	13	0	117	138	170	191	0.76	22.7
c69011_g5	UGT91C1	39.47	38	18	2	34	71	103	135	0.58	24.3
c119828_g1	UGT87A2	40.00	45	22	2	16	58	53	94	0.17	23.9
c99513_g1	UGT79B5	50.00	14	7	0	23	36	209	222	7.2	18.1
c56771_g1	UGT90A2	33.33	30	20	0	37	66	256	285	2.5	21.6
c54494_g1	UGT76E4	60.00	20	7	1	33	51	291	310	2.1	20.0
c70304_g1	UGT87A1	34.78	23	15	0	49	71	2	24	3.3	22.3
c70601_g1	UGT81A3	77.42	341	71	1	43	383	48	382	0.0	531
c84177_g1	UGT85A2	27.27	33	24	0	13	45	249	281	2.0	18.9
c95225_g1	UGT72B2	65.79	38	13	0	1	38	211	248	6e-13	55.1
c79474_g1	UGT75C1	35.29	34	21	1	61	94	156	188	0.79	21.6
c89523_g1	UGT76E5	41.18	17	10	0	27	43	140	156	2.0	19.2
c141880_g1	UGT81A4	37.50	24	15	0	33	56	292	315	3.0	18.5
c138667_g1	UGT76C1	36.11	36	20	1	14	46	135	170	0.23	22.7
c101802_g1	UGT72B1	24.32	111	66	6	204	302	341	445	1.2	23.9
c63553_g2	UGT87A2	70.00	10	2	1	14	23	342	350	2.3	16.9
c10335_g1	UGT79B11	33.33	33	18	1	79	111	424	452	0.79	22.3
c69011_g4	UGT92A1	30.00	50	25	2	287	333	237	279	3.2	23.5
c128070_g1	UGT73C3	24.62	65	46	1	10	74	62	123	1.0	20.8
c69516_g1	UGT75C1	34.33	67	34	3	10	67	173	238	0.12	28.1
c53577_g1	UGT75C1	26.98	63	37	2	12	65	176	238	3.0	20.8
c59962_g1	UGT78D2	50.79	441	211	5	9	443	12	452	7e-163	466
c133302_g1	UGT79B5	38.46	26	16	0	29	54	136	161	0.18	21.9
c92030_g1	UGT75B2	31.25	32	21	1	10	40	154	185	3.2	18.9
c96860_g1	UGT75B1	33.33	21	14	0	44	64	77	97	4.9	18.5
c67173_g1	UGT89B1	49.25	134	65	2	1	134	342	472	3e-43	143
c66158_g1	UGT73B4	42.54	134	75	1	1	132	350	483	3e-35	121
c11815_g1	UGT76B1	31.58	19	13	0	7	25	210	228	0.72	19.2
c15371_g1	UGT85A3	32.35	68	34	4	15	78	57	116	0.018	26.9
c106963_g1	UGT90A4	40.54	37	18	2	18	53	50	83	1.3	20.0
c106682_g1	UGT71C1	29.73	37	22	1	20	52	68	104	3.6	18.5
c77685_g1	UGT72B1	26.42	53	35	1	21	69	425	477	6.1	18.5
c65553_g1	UGT74E1	23.60	89	63	3	317	405	174	257	1.1	23.9
c63717_g1	UGT74E2	40.00	15	9	0	20	34	370	384	2.5	18.1
c76855_g1	UGT78D4P	36.36	22	14	0	32	53	403	424	1.4	20.0
c133245_g1	UGT72D2P	66.67	9	3	0	22	30	358	366	2.3	17.7
c117884_g1	UGT81A4	24.32	37	27	1	3	39	335	370	2.8	20.8
c40529_g1	UGT80A2	60.42	48	19	0	34	81	299	346	5e-18	72.4
c73612_g1	UGT73C5	47.06	17	9	0	49	65	195	211	0.61	23.9
c130026_g1	UGT91B1	31.43	35	24	0	27	61	75	109	0.54	21.9
c127223_g1	UGT92A1	40.54	37	14	2	15	46	311	344	0.82	20.0
c145376_g1	UGT74E2	33.33	24	16	0	5	28	167	190	1.8	19.2
c73200_g1	UGT81A4	24.32	74	44	3	504	571	366	433	0.55	25.4
c20346_g1	UGT79B1	39.16	143	83	4	1	142	16	155	3e-29	105
c110332_g1	UGT73C7	29.73	37	23	1	3	39	202	235	0.75	20.0
c108386_g1	UGT79B1	62.50	8	3	0	14	21	125	132	2.1	18.5
c107547_g1	UGT76E10P	25.00	36	21	1	7	42	315	344	3.6	18.9
c131685_g1	UGT71C5	60.00	15	6	0	63	77	121	135	0.16	22.7
c80133_g1	UGT78D1	35.48	31	17	1	33	63	187	214	2.7	19.6
c92841_g1	UGT80B1	26.19	42	29	1	21	62	522	561	0.81	20.4
